*Material, name=Poly1
    *Depvar
        125,
    *User Material, constants=160, unsymm
    168400.,121400., 75400.,     0.,     0.,     0.,     0.,     0.
         0.,     0.,     0.,     0.,     0.,     0.,     0.,     0.
         0.,     0.,     0.,     0.,     0.,     0.,     0.,     0.
         1.,     0.,     0.,     0.,     0.,     0.,     0.,     0.
         1.,     1.,     1.,     1.,     1.,     0.,     0.,     0.
         0.,     0.,     0.,     0.,     0.,     0.,     0.,     0.
         0.,     0.,     0.,     0.,     0.,     0.,     0.,     0.
        -1.,     0.,     1.,    -0.9922,    -0.4747,    0.8889,     0.,     0.
         0.,     1.,     0.,    -0.5460,    0.8200,    -0.1716,     0.,     0.
        10.,  0.001,     0.,     0.,     0.,     0.,     0.,     0.
         0.,     0.,     0.,     0.,     0.,     0.,     0.,     0.
         0.,     0.,     0.,     0.,     0.,     0.,     0.,     0.
      541.5,  109.5,   60.8,     0.,     0.,     0.,     0.,     0.
         1.,     1.,     0.,     0.,     0.,     0.,     0.,     0.
         0.,     0.,     0.,     0.,     0.,     0.,     0.,     0.
         0.,     0.,     0.,     0.,     0.,     0.,     0.,     0.
         0.,     0.,     0.,     0.,     0.,     0.,     0.,     0.
         0.,     0.,     0.,     0.,     0.,     0.,     0.,     0.
        0.5,     1.,     0.,     0.,     0.,     0.,     0.,     0.
         1.,    10.,  1e-05,     0.,     0.,     0.,     0.,     0.
*Material, name=Poly2
    *Depvar
        125,
    *User Material, constants=160, unsymm
    168400.,121400., 75400.,     0.,     0.,     0.,     0.,     0.
         0.,     0.,     0.,     0.,     0.,     0.,     0.,     0.
         0.,     0.,     0.,     0.,     0.,     0.,     0.,     0.
         1.,     0.,     0.,     0.,     0.,     0.,     0.,     0.
         1.,     1.,     1.,     1.,     1.,     0.,     0.,     0.
         0.,     0.,     0.,     0.,     0.,     0.,     0.,     0.
         0.,     0.,     0.,     0.,     0.,     0.,     0.,     0.
        -1.,     0.,     1.,    -0.4535,    0.4528,    1.2607,     0.,     0.
         0.,     1.,     0.,    0.6830,    0.7302,    -0.0165,     0.,     0.
        10.,  0.001,     0.,     0.,     0.,     0.,     0.,     0.
         0.,     0.,     0.,     0.,     0.,     0.,     0.,     0.
         0.,     0.,     0.,     0.,     0.,     0.,     0.,     0.
      541.5,  109.5,   60.8,     0.,     0.,     0.,     0.,     0.
         1.,     1.,     0.,     0.,     0.,     0.,     0.,     0.
         0.,     0.,     0.,     0.,     0.,     0.,     0.,     0.
         0.,     0.,     0.,     0.,     0.,     0.,     0.,     0.
         0.,     0.,     0.,     0.,     0.,     0.,     0.,     0.
         0.,     0.,     0.,     0.,     0.,     0.,     0.,     0.
        0.5,     1.,     0.,     0.,     0.,     0.,     0.,     0.
         1.,    10.,  1e-05,     0.,     0.,     0.,     0.,     0.
*Material, name=Poly3
    *Depvar
        125,
    *User Material, constants=160, unsymm
    168400.,121400., 75400.,     0.,     0.,     0.,     0.,     0.
         0.,     0.,     0.,     0.,     0.,     0.,     0.,     0.
         0.,     0.,     0.,     0.,     0.,     0.,     0.,     0.
         1.,     0.,     0.,     0.,     0.,     0.,     0.,     0.
         1.,     1.,     1.,     1.,     1.,     0.,     0.,     0.
         0.,     0.,     0.,     0.,     0.,     0.,     0.,     0.
         0.,     0.,     0.,     0.,     0.,     0.,     0.,     0.
        -1.,     0.,     1.,    -1.3767,    -0.1212,    0.3000,     0.,     0.
         0.,     1.,     0.,    -0.0821,    0.9963,    0.0255,     0.,     0.
        10.,  0.001,     0.,     0.,     0.,     0.,     0.,     0.
         0.,     0.,     0.,     0.,     0.,     0.,     0.,     0.
         0.,     0.,     0.,     0.,     0.,     0.,     0.,     0.
      541.5,  109.5,   60.8,     0.,     0.,     0.,     0.,     0.
         1.,     1.,     0.,     0.,     0.,     0.,     0.,     0.
         0.,     0.,     0.,     0.,     0.,     0.,     0.,     0.
         0.,     0.,     0.,     0.,     0.,     0.,     0.,     0.
         0.,     0.,     0.,     0.,     0.,     0.,     0.,     0.
         0.,     0.,     0.,     0.,     0.,     0.,     0.,     0.
        0.5,     1.,     0.,     0.,     0.,     0.,     0.,     0.
         1.,    10.,  1e-05,     0.,     0.,     0.,     0.,     0.
*Material, name=Poly4
    *Depvar
        125,
    *User Material, constants=160, unsymm
    168400.,121400., 75400.,     0.,     0.,     0.,     0.,     0.
         0.,     0.,     0.,     0.,     0.,     0.,     0.,     0.
         0.,     0.,     0.,     0.,     0.,     0.,     0.,     0.
         1.,     0.,     0.,     0.,     0.,     0.,     0.,     0.
         1.,     1.,     1.,     1.,     1.,     0.,     0.,     0.
         0.,     0.,     0.,     0.,     0.,     0.,     0.,     0.
         0.,     0.,     0.,     0.,     0.,     0.,     0.,     0.
        -1.,     0.,     1.,    -0.8684,    -0.2269,    1.0928,     0.,     0.
         0.,     1.,     0.,    -0.6563,    0.6477,    -0.3870,     0.,     0.
        10.,  0.001,     0.,     0.,     0.,     0.,     0.,     0.
         0.,     0.,     0.,     0.,     0.,     0.,     0.,     0.
         0.,     0.,     0.,     0.,     0.,     0.,     0.,     0.
      541.5,  109.5,   60.8,     0.,     0.,     0.,     0.,     0.
         1.,     1.,     0.,     0.,     0.,     0.,     0.,     0.
         0.,     0.,     0.,     0.,     0.,     0.,     0.,     0.
         0.,     0.,     0.,     0.,     0.,     0.,     0.,     0.
         0.,     0.,     0.,     0.,     0.,     0.,     0.,     0.
         0.,     0.,     0.,     0.,     0.,     0.,     0.,     0.
        0.5,     1.,     0.,     0.,     0.,     0.,     0.,     0.
         1.,    10.,  1e-05,     0.,     0.,     0.,     0.,     0.
*Material, name=Poly5
    *Depvar
        125,
    *User Material, constants=160, unsymm
    168400.,121400., 75400.,     0.,     0.,     0.,     0.,     0.
         0.,     0.,     0.,     0.,     0.,     0.,     0.,     0.
         0.,     0.,     0.,     0.,     0.,     0.,     0.,     0.
         1.,     0.,     0.,     0.,     0.,     0.,     0.,     0.
         1.,     1.,     1.,     1.,     1.,     0.,     0.,     0.
         0.,     0.,     0.,     0.,     0.,     0.,     0.,     0.
         0.,     0.,     0.,     0.,     0.,     0.,     0.,     0.
        -1.,     0.,     1.,    -1.1258,    -0.1664,    0.8396,     0.,     0.
         0.,     1.,     0.,    -0.1305,    0.9912,    0.0215,     0.,     0.
        10.,  0.001,     0.,     0.,     0.,     0.,     0.,     0.
         0.,     0.,     0.,     0.,     0.,     0.,     0.,     0.
         0.,     0.,     0.,     0.,     0.,     0.,     0.,     0.
      541.5,  109.5,   60.8,     0.,     0.,     0.,     0.,     0.
         1.,     1.,     0.,     0.,     0.,     0.,     0.,     0.
         0.,     0.,     0.,     0.,     0.,     0.,     0.,     0.
         0.,     0.,     0.,     0.,     0.,     0.,     0.,     0.
         0.,     0.,     0.,     0.,     0.,     0.,     0.,     0.
         0.,     0.,     0.,     0.,     0.,     0.,     0.,     0.
        0.5,     1.,     0.,     0.,     0.,     0.,     0.,     0.
         1.,    10.,  1e-05,     0.,     0.,     0.,     0.,     0.
*Material, name=Poly6
    *Depvar
        125,
    *User Material, constants=160, unsymm
    168400.,121400., 75400.,     0.,     0.,     0.,     0.,     0.
         0.,     0.,     0.,     0.,     0.,     0.,     0.,     0.
         0.,     0.,     0.,     0.,     0.,     0.,     0.,     0.
         1.,     0.,     0.,     0.,     0.,     0.,     0.,     0.
         1.,     1.,     1.,     1.,     1.,     0.,     0.,     0.
         0.,     0.,     0.,     0.,     0.,     0.,     0.,     0.
         0.,     0.,     0.,     0.,     0.,     0.,     0.,     0.
        -1.,     0.,     1.,    -0.1873,    -0.2573,    1.3779,     0.,     0.
         0.,     1.,     0.,    0.2514,    0.9447,    0.2106,     0.,     0.
        10.,  0.001,     0.,     0.,     0.,     0.,     0.,     0.
         0.,     0.,     0.,     0.,     0.,     0.,     0.,     0.
         0.,     0.,     0.,     0.,     0.,     0.,     0.,     0.
      541.5,  109.5,   60.8,     0.,     0.,     0.,     0.,     0.
         1.,     1.,     0.,     0.,     0.,     0.,     0.,     0.
         0.,     0.,     0.,     0.,     0.,     0.,     0.,     0.
         0.,     0.,     0.,     0.,     0.,     0.,     0.,     0.
         0.,     0.,     0.,     0.,     0.,     0.,     0.,     0.
         0.,     0.,     0.,     0.,     0.,     0.,     0.,     0.
        0.5,     1.,     0.,     0.,     0.,     0.,     0.,     0.
         1.,    10.,  1e-05,     0.,     0.,     0.,     0.,     0.
*Material, name=Poly7
    *Depvar
        125,
    *User Material, constants=160, unsymm
    168400.,121400., 75400.,     0.,     0.,     0.,     0.,     0.
         0.,     0.,     0.,     0.,     0.,     0.,     0.,     0.
         0.,     0.,     0.,     0.,     0.,     0.,     0.,     0.
         1.,     0.,     0.,     0.,     0.,     0.,     0.,     0.
         1.,     1.,     1.,     1.,     1.,     0.,     0.,     0.
         0.,     0.,     0.,     0.,     0.,     0.,     0.,     0.
         0.,     0.,     0.,     0.,     0.,     0.,     0.,     0.
        -1.,     0.,     1.,    -0.7886,    0.6670,    0.9661,     0.,     0.
         0.,     1.,     0.,    0.0882,    0.8519,    -0.5162,     0.,     0.
        10.,  0.001,     0.,     0.,     0.,     0.,     0.,     0.
         0.,     0.,     0.,     0.,     0.,     0.,     0.,     0.
         0.,     0.,     0.,     0.,     0.,     0.,     0.,     0.
      541.5,  109.5,   60.8,     0.,     0.,     0.,     0.,     0.
         1.,     1.,     0.,     0.,     0.,     0.,     0.,     0.
         0.,     0.,     0.,     0.,     0.,     0.,     0.,     0.
         0.,     0.,     0.,     0.,     0.,     0.,     0.,     0.
         0.,     0.,     0.,     0.,     0.,     0.,     0.,     0.
         0.,     0.,     0.,     0.,     0.,     0.,     0.,     0.
        0.5,     1.,     0.,     0.,     0.,     0.,     0.,     0.
         1.,    10.,  1e-05,     0.,     0.,     0.,     0.,     0.
*Material, name=Poly8
    *Depvar
        125,
    *User Material, constants=160, unsymm
    168400.,121400., 75400.,     0.,     0.,     0.,     0.,     0.
         0.,     0.,     0.,     0.,     0.,     0.,     0.,     0.
         0.,     0.,     0.,     0.,     0.,     0.,     0.,     0.
         1.,     0.,     0.,     0.,     0.,     0.,     0.,     0.
         1.,     1.,     1.,     1.,     1.,     0.,     0.,     0.
         0.,     0.,     0.,     0.,     0.,     0.,     0.,     0.
         0.,     0.,     0.,     0.,     0.,     0.,     0.,     0.
        -1.,     0.,     1.,    -0.4538,    0.1718,    1.3284,     0.,     0.
         0.,     1.,     0.,    0.6677,    0.7323,    0.1334,     0.,     0.
        10.,  0.001,     0.,     0.,     0.,     0.,     0.,     0.
         0.,     0.,     0.,     0.,     0.,     0.,     0.,     0.
         0.,     0.,     0.,     0.,     0.,     0.,     0.,     0.
      541.5,  109.5,   60.8,     0.,     0.,     0.,     0.,     0.
         1.,     1.,     0.,     0.,     0.,     0.,     0.,     0.
         0.,     0.,     0.,     0.,     0.,     0.,     0.,     0.
         0.,     0.,     0.,     0.,     0.,     0.,     0.,     0.
         0.,     0.,     0.,     0.,     0.,     0.,     0.,     0.
         0.,     0.,     0.,     0.,     0.,     0.,     0.,     0.
        0.5,     1.,     0.,     0.,     0.,     0.,     0.,     0.
         1.,    10.,  1e-05,     0.,     0.,     0.,     0.,     0.
*Material, name=Poly9
    *Depvar
        125,
    *User Material, constants=160, unsymm
    168400.,121400., 75400.,     0.,     0.,     0.,     0.,     0.
         0.,     0.,     0.,     0.,     0.,     0.,     0.,     0.
         0.,     0.,     0.,     0.,     0.,     0.,     0.,     0.
         1.,     0.,     0.,     0.,     0.,     0.,     0.,     0.
         1.,     1.,     1.,     1.,     1.,     0.,     0.,     0.
         0.,     0.,     0.,     0.,     0.,     0.,     0.,     0.
         0.,     0.,     0.,     0.,     0.,     0.,     0.,     0.
        -1.,     0.,     1.,    -1.0880,    0.0965,    0.8983,     0.,     0.
         0.,     1.,     0.,    -0.0349,    0.9883,    -0.1484,     0.,     0.
        10.,  0.001,     0.,     0.,     0.,     0.,     0.,     0.
         0.,     0.,     0.,     0.,     0.,     0.,     0.,     0.
         0.,     0.,     0.,     0.,     0.,     0.,     0.,     0.
      541.5,  109.5,   60.8,     0.,     0.,     0.,     0.,     0.
         1.,     1.,     0.,     0.,     0.,     0.,     0.,     0.
         0.,     0.,     0.,     0.,     0.,     0.,     0.,     0.
         0.,     0.,     0.,     0.,     0.,     0.,     0.,     0.
         0.,     0.,     0.,     0.,     0.,     0.,     0.,     0.
         0.,     0.,     0.,     0.,     0.,     0.,     0.,     0.
        0.5,     1.,     0.,     0.,     0.,     0.,     0.,     0.
         1.,    10.,  1e-05,     0.,     0.,     0.,     0.,     0.
*Material, name=Poly10
    *Depvar
        125,
    *User Material, constants=160, unsymm
    168400.,121400., 75400.,     0.,     0.,     0.,     0.,     0.
         0.,     0.,     0.,     0.,     0.,     0.,     0.,     0.
         0.,     0.,     0.,     0.,     0.,     0.,     0.,     0.
         1.,     0.,     0.,     0.,     0.,     0.,     0.,     0.
         1.,     1.,     1.,     1.,     1.,     0.,     0.,     0.
         0.,     0.,     0.,     0.,     0.,     0.,     0.,     0.
         0.,     0.,     0.,     0.,     0.,     0.,     0.,     0.
        -1.,     0.,     1.,    -1.3423,    0.0447,    0.4430,     0.,     0.
         0.,     1.,     0.,    -0.1867,    0.7445,    -0.6410,     0.,     0.
        10.,  0.001,     0.,     0.,     0.,     0.,     0.,     0.
         0.,     0.,     0.,     0.,     0.,     0.,     0.,     0.
         0.,     0.,     0.,     0.,     0.,     0.,     0.,     0.
      541.5,  109.5,   60.8,     0.,     0.,     0.,     0.,     0.
         1.,     1.,     0.,     0.,     0.,     0.,     0.,     0.
         0.,     0.,     0.,     0.,     0.,     0.,     0.,     0.
         0.,     0.,     0.,     0.,     0.,     0.,     0.,     0.
         0.,     0.,     0.,     0.,     0.,     0.,     0.,     0.
         0.,     0.,     0.,     0.,     0.,     0.,     0.,     0.
        0.5,     1.,     0.,     0.,     0.,     0.,     0.,     0.
         1.,    10.,  1e-05,     0.,     0.,     0.,     0.,     0.
*Material, name=Poly11
    *Depvar
        125,
    *User Material, constants=160, unsymm
    168400.,121400., 75400.,     0.,     0.,     0.,     0.,     0.
         0.,     0.,     0.,     0.,     0.,     0.,     0.,     0.
         0.,     0.,     0.,     0.,     0.,     0.,     0.,     0.
         1.,     0.,     0.,     0.,     0.,     0.,     0.,     0.
         1.,     1.,     1.,     1.,     1.,     0.,     0.,     0.
         0.,     0.,     0.,     0.,     0.,     0.,     0.,     0.
         0.,     0.,     0.,     0.,     0.,     0.,     0.,     0.
        -1.,     0.,     1.,    -0.6128,    0.6255,    1.1105,     0.,     0.
         0.,     1.,     0.,    0.1997,    0.8968,    -0.3949,     0.,     0.
        10.,  0.001,     0.,     0.,     0.,     0.,     0.,     0.
         0.,     0.,     0.,     0.,     0.,     0.,     0.,     0.
         0.,     0.,     0.,     0.,     0.,     0.,     0.,     0.
      541.5,  109.5,   60.8,     0.,     0.,     0.,     0.,     0.
         1.,     1.,     0.,     0.,     0.,     0.,     0.,     0.
         0.,     0.,     0.,     0.,     0.,     0.,     0.,     0.
         0.,     0.,     0.,     0.,     0.,     0.,     0.,     0.
         0.,     0.,     0.,     0.,     0.,     0.,     0.,     0.
         0.,     0.,     0.,     0.,     0.,     0.,     0.,     0.
        0.5,     1.,     0.,     0.,     0.,     0.,     0.,     0.
         1.,    10.,  1e-05,     0.,     0.,     0.,     0.,     0.
*Material, name=Poly12
    *Depvar
        125,
    *User Material, constants=160, unsymm
    168400.,121400., 75400.,     0.,     0.,     0.,     0.,     0.
         0.,     0.,     0.,     0.,     0.,     0.,     0.,     0.
         0.,     0.,     0.,     0.,     0.,     0.,     0.,     0.
         1.,     0.,     0.,     0.,     0.,     0.,     0.,     0.
         1.,     1.,     1.,     1.,     1.,     0.,     0.,     0.
         0.,     0.,     0.,     0.,     0.,     0.,     0.,     0.
         0.,     0.,     0.,     0.,     0.,     0.,     0.,     0.
        -1.,     0.,     1.,    0.0032,    0.1881,    1.4016,     0.,     0.
         0.,     1.,     0.,    0.5446,    0.8311,    -0.1128,     0.,     0.
        10.,  0.001,     0.,     0.,     0.,     0.,     0.,     0.
         0.,     0.,     0.,     0.,     0.,     0.,     0.,     0.
         0.,     0.,     0.,     0.,     0.,     0.,     0.,     0.
      541.5,  109.5,   60.8,     0.,     0.,     0.,     0.,     0.
         1.,     1.,     0.,     0.,     0.,     0.,     0.,     0.
         0.,     0.,     0.,     0.,     0.,     0.,     0.,     0.
         0.,     0.,     0.,     0.,     0.,     0.,     0.,     0.
         0.,     0.,     0.,     0.,     0.,     0.,     0.,     0.
         0.,     0.,     0.,     0.,     0.,     0.,     0.,     0.
        0.5,     1.,     0.,     0.,     0.,     0.,     0.,     0.
         1.,    10.,  1e-05,     0.,     0.,     0.,     0.,     0.
*Material, name=Poly13
    *Depvar
        125,
    *User Material, constants=160, unsymm
    168400.,121400., 75400.,     0.,     0.,     0.,     0.,     0.
         0.,     0.,     0.,     0.,     0.,     0.,     0.,     0.
         0.,     0.,     0.,     0.,     0.,     0.,     0.,     0.
         1.,     0.,     0.,     0.,     0.,     0.,     0.,     0.
         1.,     1.,     1.,     1.,     1.,     0.,     0.,     0.
         0.,     0.,     0.,     0.,     0.,     0.,     0.,     0.
         0.,     0.,     0.,     0.,     0.,     0.,     0.,     0.
        -1.,     0.,     1.,    -1.0998,    -0.6737,    0.5802,     0.,     0.
         0.,     1.,     0.,    -0.4712,    0.8737,    0.1213,     0.,     0.
        10.,  0.001,     0.,     0.,     0.,     0.,     0.,     0.
         0.,     0.,     0.,     0.,     0.,     0.,     0.,     0.
         0.,     0.,     0.,     0.,     0.,     0.,     0.,     0.
      541.5,  109.5,   60.8,     0.,     0.,     0.,     0.,     0.
         1.,     1.,     0.,     0.,     0.,     0.,     0.,     0.
         0.,     0.,     0.,     0.,     0.,     0.,     0.,     0.
         0.,     0.,     0.,     0.,     0.,     0.,     0.,     0.
         0.,     0.,     0.,     0.,     0.,     0.,     0.,     0.
         0.,     0.,     0.,     0.,     0.,     0.,     0.,     0.
        0.5,     1.,     0.,     0.,     0.,     0.,     0.,     0.
         1.,    10.,  1e-05,     0.,     0.,     0.,     0.,     0.
*Material, name=Poly14
    *Depvar
        125,
    *User Material, constants=160, unsymm
    168400.,121400., 75400.,     0.,     0.,     0.,     0.,     0.
         0.,     0.,     0.,     0.,     0.,     0.,     0.,     0.
         0.,     0.,     0.,     0.,     0.,     0.,     0.,     0.
         1.,     0.,     0.,     0.,     0.,     0.,     0.,     0.
         1.,     1.,     1.,     1.,     1.,     0.,     0.,     0.
         0.,     0.,     0.,     0.,     0.,     0.,     0.,     0.
         0.,     0.,     0.,     0.,     0.,     0.,     0.,     0.
        -1.,     0.,     1.,    -1.3825,    -0.0822,    0.2862,     0.,     0.
         0.,     1.,     0.,    -0.1708,    0.7811,    -0.6007,     0.,     0.
        10.,  0.001,     0.,     0.,     0.,     0.,     0.,     0.
         0.,     0.,     0.,     0.,     0.,     0.,     0.,     0.
         0.,     0.,     0.,     0.,     0.,     0.,     0.,     0.
      541.5,  109.5,   60.8,     0.,     0.,     0.,     0.,     0.
         1.,     1.,     0.,     0.,     0.,     0.,     0.,     0.
         0.,     0.,     0.,     0.,     0.,     0.,     0.,     0.
         0.,     0.,     0.,     0.,     0.,     0.,     0.,     0.
         0.,     0.,     0.,     0.,     0.,     0.,     0.,     0.
         0.,     0.,     0.,     0.,     0.,     0.,     0.,     0.
        0.5,     1.,     0.,     0.,     0.,     0.,     0.,     0.
         1.,    10.,  1e-05,     0.,     0.,     0.,     0.,     0.
*Material, name=Poly15
    *Depvar
        125,
    *User Material, constants=160, unsymm
    168400.,121400., 75400.,     0.,     0.,     0.,     0.,     0.
         0.,     0.,     0.,     0.,     0.,     0.,     0.,     0.
         0.,     0.,     0.,     0.,     0.,     0.,     0.,     0.
         1.,     0.,     0.,     0.,     0.,     0.,     0.,     0.
         1.,     1.,     1.,     1.,     1.,     0.,     0.,     0.
         0.,     0.,     0.,     0.,     0.,     0.,     0.,     0.
         0.,     0.,     0.,     0.,     0.,     0.,     0.,     0.
        -1.,     0.,     1.,    -1.2276,    -0.2887,    0.6400,     0.,     0.
         0.,     1.,     0.,    -0.2232,    0.9747,    0.0115,     0.,     0.
        10.,  0.001,     0.,     0.,     0.,     0.,     0.,     0.
         0.,     0.,     0.,     0.,     0.,     0.,     0.,     0.
         0.,     0.,     0.,     0.,     0.,     0.,     0.,     0.
      541.5,  109.5,   60.8,     0.,     0.,     0.,     0.,     0.
         1.,     1.,     0.,     0.,     0.,     0.,     0.,     0.
         0.,     0.,     0.,     0.,     0.,     0.,     0.,     0.
         0.,     0.,     0.,     0.,     0.,     0.,     0.,     0.
         0.,     0.,     0.,     0.,     0.,     0.,     0.,     0.
         0.,     0.,     0.,     0.,     0.,     0.,     0.,     0.
        0.5,     1.,     0.,     0.,     0.,     0.,     0.,     0.
         1.,    10.,  1e-05,     0.,     0.,     0.,     0.,     0.
*Material, name=Poly16
    *Depvar
        125,
    *User Material, constants=160, unsymm
    168400.,121400., 75400.,     0.,     0.,     0.,     0.,     0.
         0.,     0.,     0.,     0.,     0.,     0.,     0.,     0.
         0.,     0.,     0.,     0.,     0.,     0.,     0.,     0.
         1.,     0.,     0.,     0.,     0.,     0.,     0.,     0.
         1.,     1.,     1.,     1.,     1.,     0.,     0.,     0.
         0.,     0.,     0.,     0.,     0.,     0.,     0.,     0.
         0.,     0.,     0.,     0.,     0.,     0.,     0.,     0.
        -1.,     0.,     1.,    -1.3653,    0.3564,    0.0949,     0.,     0.
         0.,     1.,     0.,    0.2570,    0.9631,    0.0797,     0.,     0.
        10.,  0.001,     0.,     0.,     0.,     0.,     0.,     0.
         0.,     0.,     0.,     0.,     0.,     0.,     0.,     0.
         0.,     0.,     0.,     0.,     0.,     0.,     0.,     0.
      541.5,  109.5,   60.8,     0.,     0.,     0.,     0.,     0.
         1.,     1.,     0.,     0.,     0.,     0.,     0.,     0.
         0.,     0.,     0.,     0.,     0.,     0.,     0.,     0.
         0.,     0.,     0.,     0.,     0.,     0.,     0.,     0.
         0.,     0.,     0.,     0.,     0.,     0.,     0.,     0.
         0.,     0.,     0.,     0.,     0.,     0.,     0.,     0.
        0.5,     1.,     0.,     0.,     0.,     0.,     0.,     0.
         1.,    10.,  1e-05,     0.,     0.,     0.,     0.,     0.
*Material, name=Poly17
    *Depvar
        125,
    *User Material, constants=160, unsymm
    168400.,121400., 75400.,     0.,     0.,     0.,     0.,     0.
         0.,     0.,     0.,     0.,     0.,     0.,     0.,     0.
         0.,     0.,     0.,     0.,     0.,     0.,     0.,     0.
         1.,     0.,     0.,     0.,     0.,     0.,     0.,     0.
         1.,     1.,     1.,     1.,     1.,     0.,     0.,     0.
         0.,     0.,     0.,     0.,     0.,     0.,     0.,     0.
         0.,     0.,     0.,     0.,     0.,     0.,     0.,     0.
        -1.,     0.,     1.,    -1.3349,    -0.2886,    0.3671,     0.,     0.
         0.,     1.,     0.,    -0.2075,    0.9781,    0.0146,     0.,     0.
        10.,  0.001,     0.,     0.,     0.,     0.,     0.,     0.
         0.,     0.,     0.,     0.,     0.,     0.,     0.,     0.
         0.,     0.,     0.,     0.,     0.,     0.,     0.,     0.
      541.5,  109.5,   60.8,     0.,     0.,     0.,     0.,     0.
         1.,     1.,     0.,     0.,     0.,     0.,     0.,     0.
         0.,     0.,     0.,     0.,     0.,     0.,     0.,     0.
         0.,     0.,     0.,     0.,     0.,     0.,     0.,     0.
         0.,     0.,     0.,     0.,     0.,     0.,     0.,     0.
         0.,     0.,     0.,     0.,     0.,     0.,     0.,     0.
        0.5,     1.,     0.,     0.,     0.,     0.,     0.,     0.
         1.,    10.,  1e-05,     0.,     0.,     0.,     0.,     0.
*Material, name=Poly18
    *Depvar
        125,
    *User Material, constants=160, unsymm
    168400.,121400., 75400.,     0.,     0.,     0.,     0.,     0.
         0.,     0.,     0.,     0.,     0.,     0.,     0.,     0.
         0.,     0.,     0.,     0.,     0.,     0.,     0.,     0.
         1.,     0.,     0.,     0.,     0.,     0.,     0.,     0.
         1.,     1.,     1.,     1.,     1.,     0.,     0.,     0.
         0.,     0.,     0.,     0.,     0.,     0.,     0.,     0.
         0.,     0.,     0.,     0.,     0.,     0.,     0.,     0.
        -1.,     0.,     1.,    -0.7324,    -1.0523,    0.5969,     0.,     0.
         0.,     1.,     0.,    -0.6028,    0.6675,    0.4372,     0.,     0.
        10.,  0.001,     0.,     0.,     0.,     0.,     0.,     0.
         0.,     0.,     0.,     0.,     0.,     0.,     0.,     0.
         0.,     0.,     0.,     0.,     0.,     0.,     0.,     0.
      541.5,  109.5,   60.8,     0.,     0.,     0.,     0.,     0.
         1.,     1.,     0.,     0.,     0.,     0.,     0.,     0.
         0.,     0.,     0.,     0.,     0.,     0.,     0.,     0.
         0.,     0.,     0.,     0.,     0.,     0.,     0.,     0.
         0.,     0.,     0.,     0.,     0.,     0.,     0.,     0.
         0.,     0.,     0.,     0.,     0.,     0.,     0.,     0.
        0.5,     1.,     0.,     0.,     0.,     0.,     0.,     0.
         1.,    10.,  1e-05,     0.,     0.,     0.,     0.,     0.
*Material, name=Poly19
    *Depvar
        125,
    *User Material, constants=160, unsymm
    168400.,121400., 75400.,     0.,     0.,     0.,     0.,     0.
         0.,     0.,     0.,     0.,     0.,     0.,     0.,     0.
         0.,     0.,     0.,     0.,     0.,     0.,     0.,     0.
         1.,     0.,     0.,     0.,     0.,     0.,     0.,     0.
         1.,     1.,     1.,     1.,     1.,     0.,     0.,     0.
         0.,     0.,     0.,     0.,     0.,     0.,     0.,     0.
         0.,     0.,     0.,     0.,     0.,     0.,     0.,     0.
        -1.,     0.,     1.,    -1.1201,    0.8548,    0.1217,     0.,     0.
         0.,     1.,     0.,    0.6101,    0.7887,    0.0753,     0.,     0.
        10.,  0.001,     0.,     0.,     0.,     0.,     0.,     0.
         0.,     0.,     0.,     0.,     0.,     0.,     0.,     0.
         0.,     0.,     0.,     0.,     0.,     0.,     0.,     0.
      541.5,  109.5,   60.8,     0.,     0.,     0.,     0.,     0.
         1.,     1.,     0.,     0.,     0.,     0.,     0.,     0.
         0.,     0.,     0.,     0.,     0.,     0.,     0.,     0.
         0.,     0.,     0.,     0.,     0.,     0.,     0.,     0.
         0.,     0.,     0.,     0.,     0.,     0.,     0.,     0.
         0.,     0.,     0.,     0.,     0.,     0.,     0.,     0.
        0.5,     1.,     0.,     0.,     0.,     0.,     0.,     0.
         1.,    10.,  1e-05,     0.,     0.,     0.,     0.,     0.
*Material, name=Poly20
    *Depvar
        125,
    *User Material, constants=160, unsymm
    168400.,121400., 75400.,     0.,     0.,     0.,     0.,     0.
         0.,     0.,     0.,     0.,     0.,     0.,     0.,     0.
         0.,     0.,     0.,     0.,     0.,     0.,     0.,     0.
         1.,     0.,     0.,     0.,     0.,     0.,     0.,     0.
         1.,     1.,     1.,     1.,     1.,     0.,     0.,     0.
         0.,     0.,     0.,     0.,     0.,     0.,     0.,     0.
         0.,     0.,     0.,     0.,     0.,     0.,     0.,     0.
        -1.,     0.,     1.,    -1.0562,    0.4801,    0.8086,     0.,     0.
         0.,     1.,     0.,    0.5808,    0.7518,    0.3122,     0.,     0.
        10.,  0.001,     0.,     0.,     0.,     0.,     0.,     0.
         0.,     0.,     0.,     0.,     0.,     0.,     0.,     0.
         0.,     0.,     0.,     0.,     0.,     0.,     0.,     0.
      541.5,  109.5,   60.8,     0.,     0.,     0.,     0.,     0.
         1.,     1.,     0.,     0.,     0.,     0.,     0.,     0.
         0.,     0.,     0.,     0.,     0.,     0.,     0.,     0.
         0.,     0.,     0.,     0.,     0.,     0.,     0.,     0.
         0.,     0.,     0.,     0.,     0.,     0.,     0.,     0.
         0.,     0.,     0.,     0.,     0.,     0.,     0.,     0.
        0.5,     1.,     0.,     0.,     0.,     0.,     0.,     0.
         1.,    10.,  1e-05,     0.,     0.,     0.,     0.,     0.
